class 0:
0000000000000000000000000000
0000000000000000000000000000
0000000000000000000000000000
0000000000000000000000000000
0000000000000000000000000000
0000000000000000000000000000
0000000000000000000000000000
0000000000001111111110000000
0000000000011111111110000000
0000000000111111111110000000
0000000000111000011110000000
0000000001110000011100000000
0000000001110000111100000000
0000000000100000111000000000
0000000000000001111000000000
0000000000000011110000000000
0000000000000011110000000000
0000000000000111100000000000
0000000000000111000000000000
0000000000001111000000000000
0000000000001110000000000000
0000000000011110000000000000
0000000000111100000000000000
0000000000111000000000000000
0000000001111000000000000000
0000000000110000000000000000
0000000000000000000000000000
0000000000000000000000000000
class 1:
0000000000000000000000000000
0000000000000000000000000000
0000000000000000000000000000
0000000000000000000000000000
0000000000000000000000000000
0000000000000000000000000000
0000000000000111111000000000
0000000000001111111100000000
0000000000011111111100000000
0000000001111100001110000000
0000000001110000001100000000
0000000011000000001100000000
0000000000000000001000000000
0000000000000000011000000000
0000000000000000010000000000
0000000000000000110000000000
0000000000000000110000000000
0000000000000001100000000000
0000000000000001100000000000
0000000000000001000000000000
0000000000000111000000000000
0000000000001111000000000000
0000000000011111000000000000
0000000000011100000000000000
0000000000000000000000000000
0000000000000000000000000000
0000000000000000000000000000
0000000000000000000000000000
class 2:
0000000000000000000000000000
0000000000000000000000000000
0000000000000000000000000000
0000000000000000000000000000
0000000000000000000000000000
0000000000000110000000000000
0000000000011111110000000000
0000000000011111111000000000
0000000000010000111000000000
0000000000000000111000000000
0000000000000000111000000000
0000000000000001111000000000
0000000000000011110000000000
0000000000001111100000000000
0000000000001111100000000000
0000000000011111100000000000
0000000000011111110000000000
0000000000011100111100000000
0000000011111100011110000000
0000000111110000001100000000
0000000011100000000000000000
0000000000000000000000000000
0000000000000000000000000000
0000000000000000000000000000
0000000000000000000000000000
0000000000000000000000000000
0000000000000000000000000000
0000000000000000000000000000
class 3:
0000000000000000000000000000
0000000000000000000000000000
0000000000000000000000000000
0000000000000000000000000000
0000000000000000000000000000
0000000000000000000000000000
0000000000000000010000000000
0000000000000001111000000000
0000000000011101111100000000
0000000000110000111000000000
0000000000000000110000000000
0000000000000000010000000000
0000000000000000100000000000
0000000000000000100000000000
0000000000000001100000000000
0000000000000111110000000000
0000000000001111110000000000
0000000000000000000000000000
0000000000000000000000000000
0000000000000000000000000000
0000000000000110000000000000
0000000000011110000000000000
0000000000011110000000000000
0000000000011100000000000000
0000000000000000000000000000
0000000000000000000000000000
0000000000000000000000000000
0000000000000000000000000000
class 4:
0000000000000000000000000000
0000000000000000000000000000
0000000000000000000000000000
0000000000000000000000000000
0000000000000000000000000000
0000000000000000000000000000
0000000000000000000000000000
0000000000000111000000000000
0000000000000111100000000000
0000000000000011110000000000
0000000000000011100000000000
0000000000000001000000000000
0000000000000001100000000000
0000000000000001100000000000
0000000000000011100000000000
0000000000000011100000000000
0000000000000011100000000000
0000000000000011100000000000
0000000000000011100000000000
0000000000000011100000000000
0000000000000011100000000000
0000000000000001000000000000
0000000000000000000000000000
0000000000000000000000000000
0000000000000000000000000000
0000000000000000000000000000
0000000000000000000000000000
0000000000000000000000000000
class 5:
0000000000000000000000000000
0000000000000000000000000000
0000000000000000000000000000
0000000000000000000000000000
0000000000000000000000000000
0000000000000111110000000000
0000000000001111111000000000
0000000000011000011000000000
0000000000000000000000000000
0000000000000000000100000000
0000000000000000000000000000
0000000000000000000000000000
0000000000000000000000000000
0000000000000000111000000000
0000000000000000110000000000
0000000000000000000000000000
0000000000000000000000000000
0000000000000000000000000000
0000000000000000000000000000
0000000000000000000000000000
0000000001100000011000000000
0000000001110011110000000000
0000000000111111100000000000
0000000000000110000000000000
0000000000000000000000000000
0000000000000000000000000000
0000000000000000000000000000
0000000000000000000000000000
class 6:
0000000000000000000000000000
0000000000000000000000000000
0000000000000000000000000000
0000000000000000000000000000
0000000000000000000000000000
0000000000000000001110000000
0000000000000011111111100000
0000000000000111111111100000
0000000000001111111111000000
0000000000011100000000000000
0000000000011000000000000000
0000000000111000001000000000
0000000000111000011000000000
0000000000111111110000000000
0000000000111111100000000000
0000000000111111000000000000
0000000000111110000000000000
0000000000100000000000000000
0000000000000001100000000000
0000000010000001100000000000
0000000010000011100000000000
0000000111100111100000000000
0000000111111111000000000000
0000000011111110000000000000
0000000000010000000000000000
0000000000000000000000000000
0000000000000000000000000000
0000000000000000000000000000
class 7:
0000000000000000000000000000
0000000000000000000000000000
0000000000000000000000000000
0000000000000000000000000000
0000000000000000000000000000
0000000000000000000000000000
0000000000000000000000000000
0000000000000000000000000000
0000000000000000000000000000
0000000000000000000000000000
0000000000000000000000000000
0000000000000001000000000000
0000000000000000000000000000
0000000000000001000000000000
0000000000000000000000000000
0000000000000000000000000000
0000000000000000000000000000
0000000000000001000000000000
0000000000000000000000000000
0000000000000000000000000000
0000000000000000000000000000
0000000000000000000000000000
0000000000000000000000000000
0000000000000000000000000000
0000000000000000000000000000
0000000000000000000000000000
0000000000000000000000000000
0000000000000000000000000000
class 8:
0000000000000000000000000000
0000000000000000000000000000
0000000000000000000000000000
0000000000000000000000000000
0000000000000000000000000000
0000000000000000000000000000
0000000000000011111000000000
0000000000000111111110000000
0000000000001111000110000000
0000000000001100000010000000
0000000000011000000110000000
0000000000010000001100000000
0000000000110000001000000000
0000000000000000110000000000
0000000000000011110000000000
0000000000000111100000000000
0000000000000111100000000000
0000000000000011000000000000
0000000000000011000000000000
0000000000000111000000000000
0000000000001111000000000000
0000000000011110000000000000
0000000000011100000000000000
0000000000000000000000000000
0000000000000000000000000000
0000000000000000000000000000
0000000000000000000000000000
0000000000000000000000000000
class 9:
0000000000000000000000000000
0000000000000000000000000000
0000000000000000000000000000
0000000000000000000000000000
0000000000000000000000000000
0000000000000000000000000000
0000000000000000000000000000
0000000000000010000000000000
0000000000001110000000000000
0000000000111000001100000000
0000000001100000001100000000
0000000011100000011100000000
0000000111000000111100000000
0000000111100001111100000000
0000000111111111111100000000
0000000111111111111000000000
0000000001110000111000000000
0000000000000000110000000000
0000000000000000000000000000
0000000000000000010000000000
0000000000000000010000000000
0000000000000011000000000000
0000000000000000000000000000
0000000000000000000000000000
0000000000000000000000000000
0000000000000000000000000000
0000000000000000000000000000
0000000000000000000000000000

No. of Iteration: 1, Difference: 3219.8702115560827

----------------------------------------------------

class 0:
0000000000000000000000000000
0000000000000000000000000000
0000000000000000000000000000
0000000000000000000000000000
0000000000000000000000000000
0000000000000000000000000000
0000000000000000000000000000
0000000000000111111100000000
0000000000011111111110000000
0000000000111111111110000000
0000000000111000011110000000
0000000001110000011100000000
0000000000100000111100000000
0000000000000000111000000000
0000000000000001111000000000
0000000000000011110000000000
0000000000000011110000000000
0000000000000011100000000000
0000000000000111000000000000
0000000000001111000000000000
0000000000001110000000000000
0000000000011100000000000000
0000000000011100000000000000
0000000000111000000000000000
0000000000111000000000000000
0000000000110000000000000000
0000000000000000000000000000
0000000000000000000000000000
class 1:
0000000000000000000000000000
0000000000000000000000000000
0000000000000000000000000000
0000000000000000000000000000
0000000000000000000000000000
0000000000000000000000000000
0000000000000000000000000000
0000000000001111111000000000
0000000001111111111110000000
0000000011111111111110000000
0000000011110000001110000000
0000000011000000001100000000
0000000000000000001100000000
0000000000000000001100000000
0000000000000000011000000000
0000000000000000111000000000
0000000000000000110000000000
0000000000000001110000000000
0000000000000001110000000000
0000000000000011100000000000
0000000000000111100000000000
0000000000000111000000000000
0000000000001110000000000000
0000000000001110000000000000
0000000000001100000000000000
0000000000000000000000000000
0000000000000000000000000000
0000000000000000000000000000
class 2:
0000000000000000000000000000
0000000000000000000000000000
0000000000000000000000000000
0000000000000000000000000000
0000000000000000000000000000
0000000000011111100000000000
0000000000111111110000000000
0000000000111111111000000000
0000000000000000111000000000
0000000000000000111000000000
0000000000000000111000000000
0000000000000001111000000000
0000000000000001110000000000
0000000000000011100000000000
0000000000001111100000000000
0000000000011111100000000000
0000000000111111110000000000
0000000001111111111000000000
0000000011111111111110000000
0000000011111100011110000000
0000000011111000001100000000
0000000001110000000000000000
0000000000000000000000000000
0000000000000000000000000000
0000000000000000000000000000
0000000000000000000000000000
0000000000000000000000000000
0000000000000000000000000000
class 3:
0000000000000000000000000000
0000000000000000000000000000
0000000000000000000000000000
0000000000000000000000000000
0000000000000000000000000000
0000000000000000000000000000
0000000000000001111000000000
0000000000001000111000000000
0000000000000000111000000000
0000000000000000111000000000
0000000000000000111000000000
0000000000000001110000000000
0000000000000011110000000000
0000000000000011100000000000
0000000000000111100000000000
0000000000001111100000000000
0000000000001110000000000000
0000000000001100000000000000
0000000000000000000000000000
0000000000000000010000000000
0000000000010000000000000000
0000000000111100000000000000
0000000000111110000000000000
0000000000111100000000000000
0000000000000000000000000000
0000000000000000000000000000
0000000000000000000000000000
0000000000000000000000000000
class 4:
0000000000000000000000000000
0000000000000000000000000000
0000000000000000000000000000
0000000000000000000000000000
0000000000000000000000000000
0000000000000000000000000000
0000000000000000000000000000
0000000000000011000000000000
0000000000000011100000000000
0000000000000001100000000000
0000000000000001100000000000
0000000000000011000000000000
0000000000000011000000000000
0000000000000011000000000000
0000000000000111000000000000
0000000000000111000000000000
0000000000000111000000000000
0000000000000011000000000000
0000000000000010000000000000
0000000000000010000000000000
0000000000000011000000000000
0000000000000011000000000000
0000000000000000000000000000
0000000000000000000000000000
0000000000000000000000000000
0000000000000000000000000000
0000000000000000000000000000
0000000000000000000000000000
class 5:
0000000000000000000000000000
0000000000000000000000000000
0000000000000000000000000000
0000000000000000000000000000
0000000000000000000000000000
0000000000001111110000000000
0000000000111111111000000000
0000000000111110011000000000
0000000000110000000000000000
0000000000100000000000000000
0000000000000000000000000000
0000000001000000000000000000
0000000001000000000000000000
0000000000000000000000000000
0000000000000000000000000000
0000000000000000000010000000
0000000000000000000011000000
0000000000000000000111000000
0000000000000000000111000000
0000000011000000001110000000
0000000011110000111110000000
0000000011111111111100000000
0000000001111111110000000000
0000000000001100000000000000
0000000000000000000000000000
0000000000000000000000000000
0000000000000000000000000000
0000000000000000000000000000
class 6:
0000000000000000000000000000
0000000000000000000000000000
0000000000000000000000000000
0000000000000000000000000000
0000000000000000000000000000
0000000000000000011110000000
0000000000000011111111000000
0000000000001111111111000000
0000000000011111111110000000
0000000000011100000100000000
0000000000011000000000000000
0000000000111000000000000000
0000000000111100100000000000
0000000000111111100000000000
0000000000111111100000000000
0000000000011111000000000000
0000000000011111000000000000
0000000000000000000000000000
0000000000000000110000000000
0000000000000001110000000000
0000000011000011110000000000
0000000111100111100000000000
0000000111111111000000000000
0000000011111110000000000000
0000000000000000000000000000
0000000000000000000000000000
0000000000000000000000000000
0000000000000000000000000000
class 7:
0000000000000000000000000000
0000000000000000000000000000
0000000000000000000000000000
0000000000000000000000000000
0000000000000000000000000000
0000000000000001000000000000
0000000000000001000000000000
0000000000000001000000000000
0000000000000001000000000000
0000000000000001000000000000
0000000000000001000000000000
0000000000000001000000000000
0000000000000001000000000000
0000000000000011000000000000
0000000000000010000000000000
0000000000000010000000000000
0000000000000010000000000000
0000000000000010000000000000
0000000000000010000000000000
0000000000000010000000000000
0000000000000010000000000000
0000000000000000000000000000
0000000000000010000000000000
0000000000000010000000000000
0000000000000000000000000000
0000000000000000000000000000
0000000000000000000000000000
0000000000000000000000000000
class 8:
0000000000000000000000000000
0000000000000000000000000000
0000000000000000000000000000
0000000000000000000000000000
0000000000000000000000000000
0000000000000000110000000000
0000000000000001110000000000
0000000000000011100000000000
0000000000000111000000000000
0000000000001110000000000000
0000000000001100000000000000
0000000000011000000000000000
0000000000110000000000000000
0000000000110000010000000000
0000000000100001110000000000
0000000001100011110000000000
0000000000000111000000000000
0000000000000110000000000000
0000000000000111110000000000
0000000001111111100000000000
0000000011111111000000000000
0000000011111110000000000000
0000000000000000000000000000
0000000000000000000000000000
0000000000000000000000000000
0000000000000000000000000000
0000000000000000000000000000
0000000000000000000000000000
class 9:
0000000000000000000000000000
0000000000000000000000000000
0000000000000000000000000000
0000000000000000000000000000
0000000000000000000000000000
0000000000000000000000000000
0000000000000000000000000000
0000000000000000000000000000
0000000000111000001000000000
0000000001110000011100000000
0000000011100000011100000000
0000000011000000011100000000
0000000111000000011100000000
0000000111000000111100000000
0000000111100001111100000000
0000000011111111111100000000
0000000001111111111000000000
0000000000000000111000000000
0000000000000000111000000000
0000000000000000110000000000
0000000000000000110000000000
0000000000000000000000000000
0000000000000000000000000000
0000000000000000000000000000
0000000000000000000000000000
0000000000000000000000000000
0000000000000000000000000000
0000000000000000000000000000

No. of Iteration: 2, Difference: 0.0

----------------------------------------------------

class 0:
0000000000000000000000000000
0000000000000000000000000000
0000000000000000000000000000
0000000000000000000000000000
0000000000000000000000000000
0000000000000000000000000000
0000000000000000000000000000
0000000000000011111100000000
0000000000011111111110000000
0000000000111110011110000000
0000000000111000001110000000
0000000001110000011100000000
0000000001100000011100000000
0000000000000000111000000000
0000000000000001111000000000
0000000000000011110000000000
0000000000000011100000000000
0000000000000011100000000000
0000000000000111000000000000
0000000000000111000000000000
0000000000001110000000000000
0000000000011100000000000000
0000000000011100000000000000
0000000000111000000000000000
0000000000111000000000000000
0000000000000000000000000000
0000000000000000000000000000
0000000000000000000000000000
class 1:
0000000000000000000000000000
0000000000000000000000000000
0000000000000000000000000000
0000000000000000000000000000
0000000000000000000000000000
0000000000000000000000000000
0000000000000000000000000000
0000000000000000000000000000
0000000001111111111100000000
0000000111111111111110000000
0000000111111000011110000000
0000000010000000001110000000
0000000000000000001100000000
0000000000000000011100000000
0000000000000000011100000000
0000000000000000111000000000
0000000000000000111000000000
0000000000000001110000000000
0000000000000001110000000000
0000000000000011100000000000
0000000000000011100000000000
0000000000000111000000000000
0000000000000111000000000000
0000000000001110000000000000
0000000000001110000000000000
0000000000001100000000000000
0000000000000000000000000000
0000000000000000000000000000
class 2:
0000000000000000000000000000
0000000000000000000000000000
0000000000000000000000000000
0000000000000000000000000000
0000000000000110000000000000
0000000000111111100000000000
0000000001111111110000000000
0000000000111011111000000000
0000000000000000111000000000
0000000000000000111000000000
0000000000000000111000000000
0000000000000000111000000000
0000000000000001110000000000
0000000000000001110000000000
0000000000000111110000000000
0000000000001111110000000000
0000000000111111100000000000
0000000001111111110000000000
0000000011111111111100000000
0000000011111111111110000000
0000000011111110011110000000
0000000011111000000000000000
0000000000000000000000000000
0000000000000000000000000000
0000000000000000000000000000
0000000000000000000000000000
0000000000000000000000000000
0000000000000000000000000000
class 3:
0000000000000000000000000000
0000000000000000000000000000
0000000000000000000000000000
0000000000000000000000000000
0000000000000000000000000000
0000000000000001000000000000
0000000000001111111000000000
0000000000001000111100000000
0000000000000000011100000000
0000000000000000111000000000
0000000000000000111000000000
0000000000000001110000000000
0000000000000011110000000000
0000000000000111100000000000
0000000000001111100000000000
0000000000001111000000000000
0000000000001110000000000000
0000000000001100000000000000
0000000000011000000000000000
0000000000010000000000000000
0000000000110000000000000000
0000000000110000000000000000
0000000001111111000000000000
0000000000111100000000000000
0000000000000000000000000000
0000000000000000000000000000
0000000000000000000000000000
0000000000000000000000000000
class 4:
0000000000000000000000000000
0000000000000000000000000000
0000000000000000000000000000
0000000000000000000000000000
0000000000000000000000000000
0000000000000000000000000000
0000000000000001000000000000
0000000000000011100000000000
0000000000000011100000000000
0000000000000011000000000000
0000000000000011000000000000
0000000000000011000000000000
0000000000000011000000000000
0000000000000111000000000000
0000000000000111000000000000
0000000000000111000000000000
0000000000000111000000000000
0000000000000111000000000000
0000000000000110000000000000
0000000000000110000000000000
0000000000000110000000000000
0000000000000111000000000000
0000000000000010000000000000
0000000000000000000000000000
0000000000000000000000000000
0000000000000000000000000000
0000000000000000000000000000
0000000000000000000000000000
class 5:
0000000000000000000000000000
0000000000000000000000000000
0000000000000000000000000000
0000000000000000000000000000
0000000000000000000000000000
0000000000001111100000000000
0000000000011111111000000000
0000000000111111111000000000
0000000000111000000000000000
0000000001110000000000000000
0000000001100000000000000000
0000000011100000000000000000
0000000011100000000000000000
0000000011000000000000000000
0000000011000000000011000000
0000000000000000000011000000
0000000000000000000011000000
0000000000000000000111000000
0000000000000000000111000000
0000000010000000001110000000
0000000011100000111110000000
0000000011111111111100000000
0000000001111111110000000000
0000000000001110000000000000
0000000000000000000000000000
0000000000000000000000000000
0000000000000000000000000000
0000000000000000000000000000
class 6:
0000000000000000000000000000
0000000000000000000000000000
0000000000000000000000000000
0000000000000000000000000000
0000000000000000000000000000
0000000000000000111100000000
0000000000000111111111000000
0000000000001111111111000000
0000000000011111101111000000
0000000000011100000110000000
0000000000111000000000000000
0000000000111000000000000000
0000000000111100110000000000
0000000000111111110000000000
0000000000011111100000000000
0000000000011111100000000000
0000000000001111000000000000
0000000000000000000000000000
0000000000000000110000000000
0000000000000001110000000000
0000000011000011110000000000
0000000011100111100000000000
0000000011111111000000000000
0000000011111110000000000000
0000000000010000000000000000
0000000000000000000000000000
0000000000000000000000000000
0000000000000000000000000000
class 7:
0000000000000000000000000000
0000000000000000000000000000
0000000000000000000000000000
0000000000000000000000000000
0000000000000000000000000000
0000000000000001000000000000
0000000000000001000000000000
0000000000000001000000000000
0000000000000001000000000000
0000000000000001000000000000
0000000000000001000000000000
0000000000000001000000000000
0000000000000001000000000000
0000000000000011000000000000
0000000000000011000000000000
0000000000000010000000000000
0000000000000010000000000000
0000000000000010000000000000
0000000000000010000000000000
0000000000000010000000000000
0000000000000110000000000000
0000000000000110000000000000
0000000000000010000000000000
0000000000000010000000000000
0000000000000000000000000000
0000000000000000000000000000
0000000000000000000000000000
0000000000000000000000000000
class 8:
0000000000000000000000000000
0000000000000000000000000000
0000000000000000000000000000
0000000000000000000000000000
0000000000000000000000000000
0000000000000000000000000000
0000000000000001100000000000
0000000000000011000000000000
0000000000000111000000000000
0000000000001110000000000000
0000000000011100000000000000
0000000000011000000000000000
0000000000111000000000000000
0000000000110000000000000000
0000000001110000111000000000
0000000001100001111100000000
0000000001100011001000000000
0000000011000000011000000000
0000000001000011111000000000
0000000011111111110000000000
0000000011111111100000000000
0000000011111110000000000000
0000000000000000000000000000
0000000000000000000000000000
0000000000000000000000000000
0000000000000000000000000000
0000000000000000000000000000
0000000000000000000000000000
class 9:
0000000000000000000000000000
0000000000000000000000000000
0000000000000000000000000000
0000000000000000000000000000
0000000000000000000000000000
0000000000000000000000000000
0000000000000000000000000000
0000000000000000000000000000
0000000000111000010000000000
0000000001110000011000000000
0000000011100000011100000000
0000000011000000011100000000
0000000011000000011100000000
0000000111000000111100000000
0000000111000001111000000000
0000000011111111111000000000
0000000001111111111000000000
0000000000000001111000000000
0000000000000000110000000000
0000000000000000110000000000
0000000000000000110000000000
0000000000000000100000000000
0000000000000000100000000000
0000000000000000000000000000
0000000000000000000000000000
0000000000000000000000000000
0000000000000000000000000000
0000000000000000000000000000

No. of Iteration: 3, Difference: 0.0

----------------------------------------------------

class 0:
0000000000000000000000000000
0000000000000000000000000000
0000000000000000000000000000
0000000000000000000000000000
0000000000000000000000000000
0000000000000000000000000000
0000000000000000000000000000
0000000000000011111100000000
0000000000011111111110000000
0000000000111110011110000000
0000000000111000001110000000
0000000001110000011100000000
0000000001100000111100000000
0000000001000000111000000000
0000000000000001111000000000
0000000000000011110000000000
0000000000000011110000000000
0000000000000011100000000000
0000000000000111000000000000
0000000000000111000000000000
0000000000001110000000000000
0000000000011100000000000000
0000000000011100000000000000
0000000000011000000000000000
0000000000111000000000000000
0000000000000000000000000000
0000000000000000000000000000
0000000000000000000000000000
class 1:
0000000000000000000000000000
0000000000000000000000000000
0000000000000000000000000000
0000000000000000000000000000
0000000000000000000000000000
0000000000000000000000000000
0000000000000000000000000000
0000000000000000000000000000
0000000011111111111100000000
0000000111111111111100000000
0000000111111100111100000000
0000000000000000011100000000
0000000000000000011100000000
0000000000000000011100000000
0000000000000000111100000000
0000000000000000111000000000
0000000000000000111000000000
0000000000000001110000000000
0000000000000001110000000000
0000000000000011100000000000
0000000000000011100000000000
0000000000000111000000000000
0000000000000111000000000000
0000000000001110000000000000
0000000000001110000000000000
0000000000000100000000000000
0000000000000000000000000000
0000000000000000000000000000
class 2:
0000000000000000000000000000
0000000000000000000000000000
0000000000000000000000000000
0000000000000000000000000000
0000000000001110000000000000
0000000000111111100000000000
0000000001111111110000000000
0000000000110001111000000000
0000000000000000111000000000
0000000000000000011000000000
0000000000000000011000000000
0000000000000000111000000000
0000000000000000111000000000
0000000000000001110000000000
0000000000000011110000000000
0000000000001111110000000000
0000000000111111100000000000
0000000001111111100000000000
0000000011111111111000000000
0000000011111111111110000000
0000000011111111111110000000
0000000011111100000000000000
0000000000000000000000000000
0000000000000000000000000000
0000000000000000000000000000
0000000000000000000000000000
0000000000000000000000000000
0000000000000000000000000000
class 3:
0000000000000000000000000000
0000000000000000000000000000
0000000000000000000000000000
0000000000000000000000000000
0000000000000000000000000000
0000000000000011100000000000
0000000000001111111000000000
0000000000000000111100000000
0000000000000000011100000000
0000000000000000111000000000
0000000000000000111000000000
0000000000000001110000000000
0000000000000111110000000000
0000000000001111100000000000
0000000000001111100000000000
0000000000001111000000000000
0000000000001110000000000000
0000000000001000000000000000
0000000000010000000000000000
0000000000010000000000000000
0000000000110000000000000000
0000000001110000000000000000
0000000001111111000000000000
0000000000111110000000000000
0000000000000000000000000000
0000000000000000000000000000
0000000000000000000000000000
0000000000000000000000000000
class 4:
0000000000000000000000000000
0000000000000000000000000000
0000000000000000000000000000
0000000000000000000000000000
0000000000000000000000000000
0000000000000000000000000000
0000000000000011000000000000
0000000000000011100000000000
0000000000000011100000000000
0000000000000011100000000000
0000000000000011000000000000
0000000000000011000000000000
0000000000000011000000000000
0000000000000111000000000000
0000000000000111000000000000
0000000000000111000000000000
0000000000000111000000000000
0000000000000111000000000000
0000000000000110000000000000
0000000000000110000000000000
0000000000000110000000000000
0000000000000111000000000000
0000000000000110000000000000
0000000000000000000000000000
0000000000000000000000000000
0000000000000000000000000000
0000000000000000000000000000
0000000000000000000000000000
class 5:
0000000000000000000000000000
0000000000000000000000000000
0000000000000000000000000000
0000000000000000000000000000
0000000000000000000000000000
0000000000001111100000000000
0000000000011111110000000000
0000000000111111111000000000
0000000001111000000000000000
0000000001110000000000000000
0000000001100000000000000000
0000000011100000000000000000
0000000011100000000000000000
0000000011000000000000000000
0000000011000000000011000000
0000000010000000000011000000
0000000000000000000011000000
0000000000000000000111000000
0000000000000000000111000000
0000000010000000001110000000
0000000011100000111110000000
0000000011111111111100000000
0000000001111111110000000000
0000000000001110000000000000
0000000000000000000000000000
0000000000000000000000000000
0000000000000000000000000000
0000000000000000000000000000
class 6:
0000000000000000000000000000
0000000000000000000000000000
0000000000000000000000000000
0000000000000000000000000000
0000000000000000000000000000
0000000000000000111100000000
0000000000000111111111000000
0000000000001111111111000000
0000000000011111001111000000
0000000000011100000110000000
0000000000111000000000000000
0000000000111000000000000000
0000000000111000010000000000
0000000000111111110000000000
0000000000011111100000000000
0000000000011111100000000000
0000000000001111000000000000
0000000000000000000000000000
0000000000000000110000000000
0000000000000001110000000000
0000000010000011110000000000
0000000011100111100000000000
0000000011111111000000000000
0000000011111110000000000000
0000000000010000000000000000
0000000000000000000000000000
0000000000000000000000000000
0000000000000000000000000000
class 7:
0000000000000000000000000000
0000000000000000000000000000
0000000000000000000000000000
0000000000000000000000000000
0000000000000000000000000000
0000000000000001000000000000
0000000000000001000000000000
0000000000000001000000000000
0000000000000001000000000000
0000000000000001000000000000
0000000000000001000000000000
0000000000000001000000000000
0000000000000001000000000000
0000000000000011000000000000
0000000000000011000000000000
0000000000000010000000000000
0000000000000010000000000000
0000000000000010000000000000
0000000000000010000000000000
0000000000000010000000000000
0000000000000110000000000000
0000000000000110000000000000
0000000000000010000000000000
0000000000000010000000000000
0000000000000000000000000000
0000000000000000000000000000
0000000000000000000000000000
0000000000000000000000000000
class 8:
0000000000000000000000000000
0000000000000000000000000000
0000000000000000000000000000
0000000000000000000000000000
0000000000000000000000000000
0000000000000000000000000000
0000000000000001000000000000
0000000000000011000000000000
0000000000000111000000000000
0000000000001110000000000000
0000000000011100000000000000
0000000000011000000000000000
0000000000111000000000000000
0000000000110000000000000000
0000000001110000011100000000
0000000001100001111100000000
0000000011100000011100000000
0000000011000000011100000000
0000000001000011111000000000
0000000011111111110000000000
0000000011111111100000000000
0000000001111110000000000000
0000000000000000000000000000
0000000000000000000000000000
0000000000000000000000000000
0000000000000000000000000000
0000000000000000000000000000
0000000000000000000000000000
class 9:
0000000000000000000000000000
0000000000000000000000000000
0000000000000000000000000000
0000000000000000000000000000
0000000000000000000000000000
0000000000000000000000000000
0000000000000000000000000000
0000000000000000000000000000
0000000000111000010000000000
0000000001110000011000000000
0000000011100000011000000000
0000000011000000011000000000
0000000011000000011000000000
0000000011000000111000000000
0000000011100001111000000000
0000000011111111111000000000
0000000001111111111000000000
0000000000000001111000000000
0000000000000000110000000000
0000000000000000110000000000
0000000000000000110000000000
0000000000000000110000000000
0000000000000000100000000000
0000000000000000000000000000
0000000000000000000000000000
0000000000000000000000000000
0000000000000000000000000000
0000000000000000000000000000

No. of Iteration: 4, Difference: 0.0

----------------------------------------------------

class 0:
0000000000000000000000000000
0000000000000000000000000000
0000000000000000000000000000
0000000000000000000000000000
0000000000000000000000000000
0000000000000000000000000000
0000000000000000000000000000
0000000000000011111100000000
0000000000001111111110000000
0000000000111100011110000000
0000000000111000001100000000
0000000001110000011100000000
0000000001100000111100000000
0000000001100000111000000000
0000000000000001111000000000
0000000000000011110000000000
0000000000000011110000000000
0000000000000011100000000000
0000000000000111000000000000
0000000000000111000000000000
0000000000001110000000000000
0000000000001100000000000000
0000000000011100000000000000
0000000000011000000000000000
0000000000011000000000000000
0000000000000000000000000000
0000000000000000000000000000
0000000000000000000000000000
class 1:
0000000000000000000000000000
0000000000000000000000000000
0000000000000000000000000000
0000000000000000000000000000
0000000000000000000000000000
0000000000000000000000000000
0000000000000000000000000000
0000000000000000000000000000
0000000011111111111100000000
0000000111111111111100000000
0000000111111101111100000000
0000000000000000011100000000
0000000000000000011100000000
0000000000000000011100000000
0000000000000000111000000000
0000000000000000111000000000
0000000000000001111000000000
0000000000000001110000000000
0000000000000001110000000000
0000000000000011100000000000
0000000000000011100000000000
0000000000000111000000000000
0000000000000111000000000000
0000000000000110000000000000
0000000000001110000000000000
0000000000000100000000000000
0000000000000000000000000000
0000000000000000000000000000
class 2:
0000000000000000000000000000
0000000000000000000000000000
0000000000000000000000000000
0000000000000000000000000000
0000000000001111000000000000
0000000000111111100000000000
0000000000111111110000000000
0000000000110001111000000000
0000000000000000011000000000
0000000000000000011000000000
0000000000000000011000000000
0000000000000000011000000000
0000000000000000111000000000
0000000000000001110000000000
0000000000000011110000000000
0000000000001111110000000000
0000000000111111100000000000
0000000001111111100000000000
0000000011111111111000000000
0000000011111111111110000000
0000000011111111111110000000
0000000011111100000000000000
0000000000000000000000000000
0000000000000000000000000000
0000000000000000000000000000
0000000000000000000000000000
0000000000000000000000000000
0000000000000000000000000000
class 3:
0000000000000000000000000000
0000000000000000000000000000
0000000000000000000000000000
0000000000000000000000000000
0000000000000000000000000000
0000000000000111100000000000
0000000000001111111000000000
0000000000000000111000000000
0000000000000000011000000000
0000000000000000111000000000
0000000000000000111000000000
0000000000000001110000000000
0000000000000111110000000000
0000000000001111100000000000
0000000000001111100000000000
0000000000001111000000000000
0000000000001100000000000000
0000000000000000000000000000
0000000000000000000000000000
0000000000000000000000000000
0000000000100000000000000000
0000000001110000000000000000
0000000001111111000000000000
0000000000111110000000000000
0000000000000000000000000000
0000000000000000000000000000
0000000000000000000000000000
0000000000000000000000000000
class 4:
0000000000000000000000000000
0000000000000000000000000000
0000000000000000000000000000
0000000000000000000000000000
0000000000000000000000000000
0000000000000000000000000000
0000000000000011000000000000
0000000000000011100000000000
0000000000000011100000000000
0000000000000011100000000000
0000000000000011000000000000
0000000000000011000000000000
0000000000000111000000000000
0000000000000111000000000000
0000000000000111000000000000
0000000000000111000000000000
0000000000000111000000000000
0000000000000111000000000000
0000000000000110000000000000
0000000000000110000000000000
0000000000000110000000000000
0000000000000110000000000000
0000000000000110000000000000
0000000000000000000000000000
0000000000000000000000000000
0000000000000000000000000000
0000000000000000000000000000
0000000000000000000000000000
class 5:
0000000000000000000000000000
0000000000000000000000000000
0000000000000000000000000000
0000000000000000000000000000
0000000000000000000000000000
0000000000001111100000000000
0000000000011111111000000000
0000000000111111111000000000
0000000001111000000000000000
0000000001110000000000000000
0000000011100000000000000000
0000000011100000000000000000
0000000011100000000000000000
0000000111000000000001000000
0000000111000000000011000000
0000000110000000000011100000
0000000000000000000011100000
0000000000000000000111000000
0000000000000000000111000000
0000000010000000001111000000
0000000011100000111110000000
0000000011111111111100000000
0000000001111111110000000000
0000000000011110000000000000
0000000000000000000000000000
0000000000000000000000000000
0000000000000000000000000000
0000000000000000000000000000
class 6:
0000000000000000000000000000
0000000000000000000000000000
0000000000000000000000000000
0000000000000000000000000000
0000000000000000000000000000
0000000000000000111000000000
0000000000000111111110000000
0000000000001111111111000000
0000000000011111001110000000
0000000000011100000110000000
0000000000111000000100000000
0000000000111000000000000000
0000000000111000010000000000
0000000000111111110000000000
0000000000011111100000000000
0000000000011111100000000000
0000000000001111000000000000
0000000000000000000000000000
0000000000000000110000000000
0000000000000001110000000000
0000000000000001110000000000
0000000011100111100000000000
0000000011111111000000000000
0000000011111110000000000000
0000000000000000000000000000
0000000000000000000000000000
0000000000000000000000000000
0000000000000000000000000000
class 7:
0000000000000000000000000000
0000000000000000000000000000
0000000000000000000000000000
0000000000000000000000000000
0000000000000000000000000000
0000000000000001000000000000
0000000000000001000000000000
0000000000000001000000000000
0000000000000001000000000000
0000000000000001000000000000
0000000000000001000000000000
0000000000000001000000000000
0000000000000001000000000000
0000000000000011000000000000
0000000000000011000000000000
0000000000000010000000000000
0000000000000010000000000000
0000000000000010000000000000
0000000000000010000000000000
0000000000000010000000000000
0000000000000110000000000000
0000000000000110000000000000
0000000000000010000000000000
0000000000000010000000000000
0000000000000000000000000000
0000000000000000000000000000
0000000000000000000000000000
0000000000000000000000000000
class 8:
0000000000000000000000000000
0000000000000000000000000000
0000000000000000000000000000
0000000000000000000000000000
0000000000000000000000000000
0000000000000000000000000000
0000000000000001000000000000
0000000000000011000000000000
0000000000000110000000000000
0000000000001110000000000000
0000000000011100000000000000
0000000000011000000000000000
0000000000111000000000000000
0000000000110000000000000000
0000000001110000011100000000
0000000001100001111100000000
0000000001100000011100000000
0000000011100000011100000000
0000000001100011111000000000
0000000001111111110000000000
0000000011111111100000000000
0000000001111110000000000000
0000000000000000000000000000
0000000000000000000000000000
0000000000000000000000000000
0000000000000000000000000000
0000000000000000000000000000
0000000000000000000000000000
class 9:
0000000000000000000000000000
0000000000000000000000000000
0000000000000000000000000000
0000000000000000000000000000
0000000000000000000000000000
0000000000000000000000000000
0000000000000000000000000000
0000000000000000000000000000
0000000000111000010000000000
0000000001110000011000000000
0000000011100000011000000000
0000000011000000011000000000
0000000011000000011000000000
0000000011000000111000000000
0000000011100001111000000000
0000000011111111111000000000
0000000001111111111000000000
0000000000000000111000000000
0000000000000000110000000000
0000000000000000110000000000
0000000000000000110000000000
0000000000000000110000000000
0000000000000000100000000000
0000000000000000000000000000
0000000000000000000000000000
0000000000000000000000000000
0000000000000000000000000000
0000000000000000000000000000

No. of Iteration: 5, Difference: 0.0

----------------------------------------------------

class 0:
0000000000000000000000000000
0000000000000000000000000000
0000000000000000000000000000
0000000000000000000000000000
0000000000000000000000000000
0000000000000000000000000000
0000000000000000000000000000
0000000000000011111100000000
0000000000001111111110000000
0000000000011100011110000000
0000000000111000001100000000
0000000001110000011100000000
0000000001100000011100000000
0000000001100000111000000000
0000000000000001111000000000
0000000000000011110000000000
0000000000000011110000000000
0000000000000011100000000000
0000000000000111000000000000
0000000000000111000000000000
0000000000001110000000000000
0000000000001100000000000000
0000000000011100000000000000
0000000000011000000000000000
0000000000010000000000000000
0000000000000000000000000000
0000000000000000000000000000
0000000000000000000000000000
class 1:
0000000000000000000000000000
0000000000000000000000000000
0000000000000000000000000000
0000000000000000000000000000
0000000000000000000000000000
0000000000000000000000000000
0000000000000000000000000000
0000000000000000000000000000
0000000011111111111000000000
0000000111111111111100000000
0000000111111101111100000000
0000000000000000011100000000
0000000000000000011100000000
0000000000000000011100000000
0000000000000000111000000000
0000000000000000111000000000
0000000000000001111000000000
0000000000000001110000000000
0000000000000001110000000000
0000000000000011100000000000
0000000000000011100000000000
0000000000000111000000000000
0000000000000111000000000000
0000000000000110000000000000
0000000000001110000000000000
0000000000000100000000000000
0000000000000000000000000000
0000000000000000000000000000
class 2:
0000000000000000000000000000
0000000000000000000000000000
0000000000000000000000000000
0000000000000000000000000000
0000000000001111000000000000
0000000000011111100000000000
0000000000111111110000000000
0000000000110000111000000000
0000000000000000011000000000
0000000000000000011000000000
0000000000000000011000000000
0000000000000000011000000000
0000000000000000111000000000
0000000000000000110000000000
0000000000000011110000000000
0000000000001111110000000000
0000000000111111100000000000
0000000001111111100000000000
0000000011111111111000000000
0000000011111111111110000000
0000000011111111111100000000
0000000011111100000000000000
0000000000000000000000000000
0000000000000000000000000000
0000000000000000000000000000
0000000000000000000000000000
0000000000000000000000000000
0000000000000000000000000000
class 3:
0000000000000000000000000000
0000000000000000000000000000
0000000000000000000000000000
0000000000000000000000000000
0000000000000000000000000000
0000000000000111100000000000
0000000000011111111000000000
0000000000000000111000000000
0000000000000000011000000000
0000000000000000111000000000
0000000000000000111000000000
0000000000000001110000000000
0000000000000111110000000000
0000000000001111100000000000
0000000000001111100000000000
0000000000001111000000000000
0000000000000000000000000000
0000000000000000000000000000
0000000000000000000000000000
0000000000000000000000000000
0000000000000000000000000000
0000000001110000010000000000
0000000001111111100000000000
0000000000111110000000000000
0000000000000000000000000000
0000000000000000000000000000
0000000000000000000000000000
0000000000000000000000000000
class 4:
0000000000000000000000000000
0000000000000000000000000000
0000000000000000000000000000
0000000000000000000000000000
0000000000000000000000000000
0000000000000000000000000000
0000000000000001100000000000
0000000000000011100000000000
0000000000000011100000000000
0000000000000011100000000000
0000000000000011100000000000
0000000000000011000000000000
0000000000000111000000000000
0000000000000111000000000000
0000000000000111000000000000
0000000000000111000000000000
0000000000000111000000000000
0000000000000111000000000000
0000000000000110000000000000
0000000000000110000000000000
0000000000001110000000000000
0000000000001110000000000000
0000000000000110000000000000
0000000000000000000000000000
0000000000000000000000000000
0000000000000000000000000000
0000000000000000000000000000
0000000000000000000000000000
class 5:
0000000000000000000000000000
0000000000000000000000000000
0000000000000000000000000000
0000000000000000000000000000
0000000000000000000000000000
0000000000000111100000000000
0000000000011111111000000000
0000000000111111111000000000
0000000001111000000000000000
0000000001110000000000000000
0000000011100000000000000000
0000000011100000000000000000
0000000111100000000000000000
0000000111000000000001000000
0000000111000000000011000000
0000000110000000000011100000
0000000100000000000011100000
0000000100000000000111000000
0000000110000000000111000000
0000000010000000001111000000
0000000011100000111110000000
0000000011111111111100000000
0000000001111111110000000000
0000000000011110000000000000
0000000000000000000000000000
0000000000000000000000000000
0000000000000000000000000000
0000000000000000000000000000
class 6:
0000000000000000000000000000
0000000000000000000000000000
0000000000000000000000000000
0000000000000000000000000000
0000000000000000000000000000
0000000000000000111000000000
0000000000000111111110000000
0000000000001111111111000000
0000000000011111001110000000
0000000000011100000110000000
0000000000111000000100000000
0000000000111000001000000000
0000000000111000111000000000
0000000000111111110000000000
0000000000011111100000000000
0000000000011111100000000000
0000000000001111000000000000
0000000000000000000000000000
0000000000000000110000000000
0000000000000001110000000000
0000000000000001110000000000
0000000011100111100000000000
0000000011111111000000000000
0000000011111110000000000000
0000000000000000000000000000
0000000000000000000000000000
0000000000000000000000000000
0000000000000000000000000000
class 7:
0000000000000000000000000000
0000000000000000000000000000
0000000000000000000000000000
0000000000000000000000000000
0000000000000000000000000000
0000000000000001000000000000
0000000000000001000000000000
0000000000000001000000000000
0000000000000001000000000000
0000000000000001000000000000
0000000000000001000000000000
0000000000000001000000000000
0000000000000001000000000000
0000000000000011000000000000
0000000000000011000000000000
0000000000000010000000000000
0000000000000010000000000000
0000000000000010000000000000
0000000000000010000000000000
0000000000000010000000000000
0000000000000110000000000000
0000000000000110000000000000
0000000000000010000000000000
0000000000000010000000000000
0000000000000000000000000000
0000000000000000000000000000
0000000000000000000000000000
0000000000000000000000000000
class 8:
0000000000000000000000000000
0000000000000000000000000000
0000000000000000000000000000
0000000000000000000000000000
0000000000000000000000000000
0000000000000000000000000000
0000000000000001000000000000
0000000000000011000000000000
0000000000000110000000000000
0000000000001110000000000000
0000000000011100000000000000
0000000000011000000000000000
0000000000111000000000000000
0000000000110000000000000000
0000000001110000011100000000
0000000001100001111100000000
0000000001100000001100000000
0000000001100000011100000000
0000000001100001111000000000
0000000001111111111000000000
0000000001111111100000000000
0000000001111110000000000000
0000000000000000000000000000
0000000000000000000000000000
0000000000000000000000000000
0000000000000000000000000000
0000000000000000000000000000
0000000000000000000000000000
class 9:
0000000000000000000000000000
0000000000000000000000000000
0000000000000000000000000000
0000000000000000000000000000
0000000000000000000000000000
0000000000000000000000000000
0000000000000000000000000000
0000000000000000000000000000
0000000000111000010000000000
0000000001110000011000000000
0000000011100000011000000000
0000000011000000011000000000
0000000011000000011000000000
0000000011000000111000000000
0000000011100001111000000000
0000000011111111111000000000
0000000001111111111000000000
0000000000000000111000000000
0000000000000000110000000000
0000000000000000110000000000
0000000000000000110000000000
0000000000000000110000000000
0000000000000000100000000000
0000000000000000000000000000
0000000000000000000000000000
0000000000000000000000000000
0000000000000000000000000000
0000000000000000000000000000

No. of Iteration: 6, Difference: 0.0

----------------------------------------------------

class 0:
0000000000000000000000000000
0000000000000000000000000000
0000000000000000000000000000
0000000000000000000000000000
0000000000000000000000000000
0000000000000000000000000000
0000000000000000000000000000
0000000000000011111100000000
0000000000001111111110000000
0000000000011100011110000000
0000000000111000001100000000
0000000001110000011100000000
0000000001100000011100000000
0000000001100000111000000000
0000000000000001111000000000
0000000000000011110000000000
0000000000000011110000000000
0000000000000011100000000000
0000000000000111000000000000
0000000000000111000000000000
0000000000001110000000000000
0000000000001110000000000000
0000000000011100000000000000
0000000000011000000000000000
0000000000010000000000000000
0000000000000000000000000000
0000000000000000000000000000
0000000000000000000000000000
class 1:
0000000000000000000000000000
0000000000000000000000000000
0000000000000000000000000000
0000000000000000000000000000
0000000000000000000000000000
0000000000000000000000000000
0000000000000000000000000000
0000000000000000000000000000
0000000011111111111000000000
0000000111111111111100000000
0000000111111001111100000000
0000000000000000011100000000
0000000000000000011100000000
0000000000000000011100000000
0000000000000000111000000000
0000000000000000111000000000
0000000000000001111000000000
0000000000000001110000000000
0000000000000001110000000000
0000000000000011100000000000
0000000000000011100000000000
0000000000000111000000000000
0000000000000111000000000000
0000000000000110000000000000
0000000000001110000000000000
0000000000000100000000000000
0000000000000000000000000000
0000000000000000000000000000
class 2:
0000000000000000000000000000
0000000000000000000000000000
0000000000000000000000000000
0000000000000000000000000000
0000000000001110000000000000
0000000000011111100000000000
0000000000111111110000000000
0000000000110000110000000000
0000000000000000011000000000
0000000000000000011000000000
0000000000000000011000000000
0000000000000000011000000000
0000000000000000111000000000
0000000000000000111000000000
0000000000000011110000000000
0000000000001111110000000000
0000000000111111100000000000
0000000001111111100000000000
0000000011111111111000000000
0000000011111111111110000000
0000000011111111111100000000
0000000011111100000000000000
0000000000000000000000000000
0000000000000000000000000000
0000000000000000000000000000
0000000000000000000000000000
0000000000000000000000000000
0000000000000000000000000000
class 3:
0000000000000000000000000000
0000000000000000000000000000
0000000000000000000000000000
0000000000000000000000000000
0000000000000000000000000000
0000000000001111100000000000
0000000000011111111000000000
0000000000000000111000000000
0000000000000000011000000000
0000000000000000111000000000
0000000000000000110000000000
0000000000000001110000000000
0000000000000111110000000000
0000000000001111100000000000
0000000000001111100000000000
0000000000000111000000000000
0000000000000000000000000000
0000000000000000000000000000
0000000000000000000000000000
0000000000000000000000000000
0000000000000000001000000000
0000000000110000110000000000
0000000001111111100000000000
0000000000111111000000000000
0000000000000000000000000000
0000000000000000000000000000
0000000000000000000000000000
0000000000000000000000000000
class 4:
0000000000000000000000000000
0000000000000000000000000000
0000000000000000000000000000
0000000000000000000000000000
0000000000000000000000000000
0000000000000000000000000000
0000000000000001100000000000
0000000000000011100000000000
0000000000000011100000000000
0000000000000011100000000000
0000000000000011100000000000
0000000000000011000000000000
0000000000000111000000000000
0000000000000111000000000000
0000000000000111000000000000
0000000000000111000000000000
0000000000000111000000000000
0000000000000111000000000000
0000000000000110000000000000
0000000000001110000000000000
0000000000001110000000000000
0000000000001110000000000000
0000000000000110000000000000
0000000000000000000000000000
0000000000000000000000000000
0000000000000000000000000000
0000000000000000000000000000
0000000000000000000000000000
class 5:
0000000000000000000000000000
0000000000000000000000000000
0000000000000000000000000000
0000000000000000000000000000
0000000000000000000000000000
0000000000000111100000000000
0000000000011111111000000000
0000000000111111111100000000
0000000001111100001100000000
0000000001110000000000000000
0000000011100000000000000000
0000000011100000000000000000
0000000111100000000001000000
0000000111000000000011000000
0000000111000000000011100000
0000000110000000000011100000
0000000110000000000011100000
0000000110000000000111100000
0000000110000000000111000000
0000000111000000001111000000
0000000111100000111110000000
0000000011111111111100000000
0000000001111111110000000000
0000000000011110000000000000
0000000000000000000000000000
0000000000000000000000000000
0000000000000000000000000000
0000000000000000000000000000
class 6:
0000000000000000000000000000
0000000000000000000000000000
0000000000000000000000000000
0000000000000000000000000000
0000000000000000000000000000
0000000000000000111000000000
0000000000000111111110000000
0000000000001111111111000000
0000000000011111001110000000
0000000000011100000110000000
0000000000111000000100000000
0000000000111000001000000000
0000000000111000111000000000
0000000000111111110000000000
0000000000011111100000000000
0000000000011111100000000000
0000000000001111000000000000
0000000000000000000000000000
0000000000000000110000000000
0000000000000001110000000000
0000000000000001110000000000
0000000011100111100000000000
0000000011111111000000000000
0000000001111110000000000000
0000000000000000000000000000
0000000000000000000000000000
0000000000000000000000000000
0000000000000000000000000000
class 7:
0000000000000000000000000000
0000000000000000000000000000
0000000000000000000000000000
0000000000000000000000000000
0000000000000000000000000000
0000000000000001000000000000
0000000000000001000000000000
0000000000000001000000000000
0000000000000001000000000000
0000000000000001000000000000
0000000000000001000000000000
0000000000000001000000000000
0000000000000001000000000000
0000000000000011000000000000
0000000000000011000000000000
0000000000000010000000000000
0000000000000010000000000000
0000000000000010000000000000
0000000000000010000000000000
0000000000000010000000000000
0000000000000110000000000000
0000000000000110000000000000
0000000000000010000000000000
0000000000000010000000000000
0000000000000000000000000000
0000000000000000000000000000
0000000000000000000000000000
0000000000000000000000000000
class 8:
0000000000000000000000000000
0000000000000000000000000000
0000000000000000000000000000
0000000000000000000000000000
0000000000000000000000000000
0000000000000000000000000000
0000000000000000000000000000
0000000000000011000000000000
0000000000000110000000000000
0000000000001110000000000000
0000000000011100000000000000
0000000000011000000000000000
0000000000111000000000000000
0000000000110000000000000000
0000000001110000011100000000
0000000001100001111100000000
0000000001100000001100000000
0000000001100000011100000000
0000000001100001111000000000
0000000001111111111000000000
0000000001111111100000000000
0000000000111111000000000000
0000000000000000000000000000
0000000000000000000000000000
0000000000000000000000000000
0000000000000000000000000000
0000000000000000000000000000
0000000000000000000000000000
class 9:
0000000000000000000000000000
0000000000000000000000000000
0000000000000000000000000000
0000000000000000000000000000
0000000000000000000000000000
0000000000000000000000000000
0000000000000000000000000000
0000000000000000000000000000
0000000000111000010000000000
0000000001110000011000000000
0000000011100000011000000000
0000000011000000011000000000
0000000011000000011000000000
0000000011000000111000000000
0000000011100001111000000000
0000000011111111111000000000
0000000001111111111000000000
0000000000000000111000000000
0000000000000000110000000000
0000000000000000110000000000
0000000000000000110000000000
0000000000000000110000000000
0000000000000000100000000000
0000000000000000000000000000
0000000000000000000000000000
0000000000000000000000000000
0000000000000000000000000000
0000000000000000000000000000

No. of Iteration: 7, Difference: 0.0

----------------------------------------------------

class 0:
0000000000000000000000000000
0000000000000000000000000000
0000000000000000000000000000
0000000000000000000000000000
0000000000000000000000000000
0000000000000000000000000000
0000000000000000000000000000
0000000000000011111100000000
0000000000001111111100000000
0000000000011100011110000000
0000000000111000001100000000
0000000001110000011100000000
0000000001100000111100000000
0000000001100000111000000000
0000000000000001111000000000
0000000000000011110000000000
0000000000000011110000000000
0000000000000011100000000000
0000000000000111000000000000
0000000000000111000000000000
0000000000001110000000000000
0000000000001110000000000000
0000000000011100000000000000
0000000000011000000000000000
0000000000010000000000000000
0000000000000000000000000000
0000000000000000000000000000
0000000000000000000000000000
class 1:
0000000000000000000000000000
0000000000000000000000000000
0000000000000000000000000000
0000000000000000000000000000
0000000000000000000000000000
0000000000000000000000000000
0000000000000000000000000000
0000000000000000000000000000
0000000011111111111000000000
0000000111111111111100000000
0000000111111001111100000000
0000000000000000011100000000
0000000000000000011100000000
0000000000000000011100000000
0000000000000000111000000000
0000000000000000111000000000
0000000000000001111000000000
0000000000000001110000000000
0000000000000001110000000000
0000000000000011100000000000
0000000000000011100000000000
0000000000000111000000000000
0000000000000111000000000000
0000000000000110000000000000
0000000000001110000000000000
0000000000000100000000000000
0000000000000000000000000000
0000000000000000000000000000
class 2:
0000000000000000000000000000
0000000000000000000000000000
0000000000000000000000000000
0000000000000000000000000000
0000000000000110000000000000
0000000000011111100000000000
0000000000111111110000000000
0000000000110000000000000000
0000000000000000000000000000
0000000000000000001000000000
0000000000000000001000000000
0000000000000000011000000000
0000000000000000111000000000
0000000000000000111000000000
0000000000000011110000000000
0000000000001111110000000000
0000000001111111100000000000
0000000001111111100000000000
0000000011111111111100000000
0000000011111111111110000000
0000000011111111111100000000
0000000001111100000000000000
0000000000000000000000000000
0000000000000000000000000000
0000000000000000000000000000
0000000000000000000000000000
0000000000000000000000000000
0000000000000000000000000000
class 3:
0000000000000000000000000000
0000000000000000000000000000
0000000000000000000000000000
0000000000000000000000000000
0000000000000000000000000000
0000000000001111100000000000
0000000000111111110000000000
0000000000011000111000000000
0000000000000000011000000000
0000000000000000011000000000
0000000000000000110000000000
0000000000000001110000000000
0000000000001111110000000000
0000000000001111100000000000
0000000000001111100000000000
0000000000000110000000000000
0000000000000000000000000000
0000000000000000000000000000
0000000000000000000000000000
0000000000000000001000000000
0000000000000000011000000000
0000000000110000111000000000
0000000001111111110000000000
0000000000111111000000000000
0000000000000000000000000000
0000000000000000000000000000
0000000000000000000000000000
0000000000000000000000000000
class 4:
0000000000000000000000000000
0000000000000000000000000000
0000000000000000000000000000
0000000000000000000000000000
0000000000000000000000000000
0000000000000000000000000000
0000000000000001100000000000
0000000000000011100000000000
0000000000000011100000000000
0000000000000011100000000000
0000000000000011100000000000
0000000000000011100000000000
0000000000000111000000000000
0000000000000111000000000000
0000000000000111000000000000
0000000000000111000000000000
0000000000000111000000000000
0000000000000110000000000000
0000000000001110000000000000
0000000000001110000000000000
0000000000001110000000000000
0000000000001110000000000000
0000000000000100000000000000
0000000000000000000000000000
0000000000000000000000000000
0000000000000000000000000000
0000000000000000000000000000
0000000000000000000000000000
class 5:
0000000000000000000000000000
0000000000000000000000000000
0000000000000000000000000000
0000000000000000000000000000
0000000000000000000000000000
0000000000000111100000000000
0000000000011111111000000000
0000000000111111111100000000
0000000001111110011110000000
0000000001110000000110000000
0000000011110000000011000000
0000000011100000000001000000
0000000111100000000001000000
0000000111000000000011100000
0000000111000000000011100000
0000000110000000000011100000
0000000110000000000011100000
0000000110000000000111100000
0000000110000000000111000000
0000000111000000001110000000
0000000111100000111110000000
0000000011111111111000000000
0000000001111111110000000000
0000000000011110000000000000
0000000000000000000000000000
0000000000000000000000000000
0000000000000000000000000000
0000000000000000000000000000
class 6:
0000000000000000000000000000
0000000000000000000000000000
0000000000000000000000000000
0000000000000000000000000000
0000000000000000000000000000
0000000000000000111000000000
0000000000000111111110000000
0000000000001111111111000000
0000000000011111001110000000
0000000000011100000110000000
0000000000011000000100000000
0000000000111000001000000000
0000000000111000111000000000
0000000000111111110000000000
0000000000011111100000000000
0000000000011111100000000000
0000000000011111000000000000
0000000000000000100000000000
0000000000000000110000000000
0000000000000001110000000000
0000000001000001110000000000
0000000011100111100000000000
0000000011111111000000000000
0000000001111110000000000000
0000000000000000000000000000
0000000000000000000000000000
0000000000000000000000000000
0000000000000000000000000000
class 7:
0000000000000000000000000000
0000000000000000000000000000
0000000000000000000000000000
0000000000000000000000000000
0000000000000000000000000000
0000000000000001000000000000
0000000000000001000000000000
0000000000000001000000000000
0000000000000001000000000000
0000000000000001000000000000
0000000000000001000000000000
0000000000000001000000000000
0000000000000001000000000000
0000000000000011000000000000
0000000000000011000000000000
0000000000000010000000000000
0000000000000010000000000000
0000000000000010000000000000
0000000000000010000000000000
0000000000000010000000000000
0000000000000110000000000000
0000000000000110000000000000
0000000000000010000000000000
0000000000000010000000000000
0000000000000000000000000000
0000000000000000000000000000
0000000000000000000000000000
0000000000000000000000000000
class 8:
0000000000000000000000000000
0000000000000000000000000000
0000000000000000000000000000
0000000000000000000000000000
0000000000000000000000000000
0000000000000000000000000000
0000000000000001000000000000
0000000000000011000000000000
0000000000000110000000000000
0000000000001110000000000000
0000000000011100000000000000
0000000000011000000000000000
0000000000111000000000000000
0000000000110000000000000000
0000000001110000011100000000
0000000001110001111100000000
0000000001100000011100000000
0000000001100000011100000000
0000000001110001111000000000
0000000001111111111000000000
0000000001111111100000000000
0000000000111111000000000000
0000000000000000000000000000
0000000000000000000000000000
0000000000000000000000000000
0000000000000000000000000000
0000000000000000000000000000
0000000000000000000000000000
class 9:
0000000000000000000000000000
0000000000000000000000000000
0000000000000000000000000000
0000000000000000000000000000
0000000000000000000000000000
0000000000000000000000000000
0000000000000000000000000000
0000000000000000000000000000
0000000000111000010000000000
0000000001110000011000000000
0000000011100000011000000000
0000000011000000011000000000
0000000011000000011000000000
0000000011000000111000000000
0000000011100001111000000000
0000000011111111111000000000
0000000001111111111000000000
0000000000000000111000000000
0000000000000000110000000000
0000000000000000110000000000
0000000000000000110000000000
0000000000000000110000000000
0000000000000000100000000000
0000000000000000000000000000
0000000000000000000000000000
0000000000000000000000000000
0000000000000000000000000000
0000000000000000000000000000

No. of Iteration: 8, Difference: 0.0

----------------------------------------------------

class 0:
0000000000000000000000000000
0000000000000000000000000000
0000000000000000000000000000
0000000000000000000000000000
0000000000000000000000000000
0000000000000000000000000000
0000000000000000000000000000
0000000000000011111000000000
0000000000001111111100000000
0000000000011100011110000000
0000000000111000001100000000
0000000001110000011100000000
0000000001100000111100000000
0000000001100000111000000000
0000000000000001111000000000
0000000000000011110000000000
0000000000000011110000000000
0000000000000011100000000000
0000000000000111000000000000
0000000000000111000000000000
0000000000001110000000000000
0000000000001110000000000000
0000000000011100000000000000
0000000000011000000000000000
0000000000000000000000000000
0000000000000000000000000000
0000000000000000000000000000
0000000000000000000000000000
class 1:
0000000000000000000000000000
0000000000000000000000000000
0000000000000000000000000000
0000000000000000000000000000
0000000000000000000000000000
0000000000000000000000000000
0000000000000000000000000000
0000000000000000000000000000
0000000011111111111000000000
0000000111111111111100000000
0000000011111001111100000000
0000000000000000011100000000
0000000000000000011100000000
0000000000000000011100000000
0000000000000000111000000000
0000000000000000111000000000
0000000000000001111000000000
0000000000000001110000000000
0000000000000001110000000000
0000000000000011100000000000
0000000000000011100000000000
0000000000000111000000000000
0000000000000111000000000000
0000000000000110000000000000
0000000000000110000000000000
0000000000000100000000000000
0000000000000000000000000000
0000000000000000000000000000
class 2:
0000000000000000000000000000
0000000000000000000000000000
0000000000000000000000000000
0000000000000000000000000000
0000000000000110000000000000
0000000000011111100000000000
0000000000111111100000000000
0000000000110000000000000000
0000000000000000000000000000
0000000000000000000000000000
0000000000000000001000000000
0000000000000000011000000000
0000000000000000111000000000
0000000000000000111000000000
0000000000000011110000000000
0000000000000111110000000000
0000000001111111100000000000
0000000011111111100000000000
0000000011111111111100000000
0000000011111111111110000000
0000000011111111111100000000
0000000001111100000000000000
0000000000000000000000000000
0000000000000000000000000000
0000000000000000000000000000
0000000000000000000000000000
0000000000000000000000000000
0000000000000000000000000000
class 3:
0000000000000000000000000000
0000000000000000000000000000
0000000000000000000000000000
0000000000000000000000000000
0000000000000000000000000000
0000000000011111100000000000
0000000000111111110000000000
0000000000111101110000000000
0000000000000000010000000000
0000000000000000010000000000
0000000000000000110000000000
0000000000000011110000000000
0000000000001111100000000000
0000000000011111110000000000
0000000000001111110000000000
0000000000000000011000000000
0000000000000000001000000000
0000000000000000001000000000
0000000000000000001100000000
0000000000000000001100000000
0000000000000000011000000000
0000000000000001111000000000
0000000001111111110000000000
0000000000111111100000000000
0000000000000000000000000000
0000000000000000000000000000
0000000000000000000000000000
0000000000000000000000000000
class 4:
0000000000000000000000000000
0000000000000000000000000000
0000000000000000000000000000
0000000000000000000000000000
0000000000000000000000000000
0000000000000000000000000000
0000000000000000000000000000
0000000000000001100000000000
0000000000000011100000000000
0000000000000011100000000000
0000000000000011100000000000
0000000000000011100000000000
0000000000000111000000000000
0000000000000111000000000000
0000000000000111000000000000
0000000000000111000000000000
0000000000000111000000000000
0000000000001110000000000000
0000000000001110000000000000
0000000000001110000000000000
0000000000001110000000000000
0000000000001110000000000000
0000000000000000000000000000
0000000000000000000000000000
0000000000000000000000000000
0000000000000000000000000000
0000000000000000000000000000
0000000000000000000000000000
class 5:
0000000000000000000000000000
0000000000000000000000000000
0000000000000000000000000000
0000000000000000000000000000
0000000000000000000000000000
0000000000000011110000000000
0000000000011111111100000000
0000000000111111111100000000
0000000000111111111110000000
0000000001111000000111000000
0000000011110000000011000000
0000000011100000000011000000
0000000111100000000011100000
0000000111000000000011100000
0000000111000000000011100000
0000001110000000000011100000
0000001110000000000011100000
0000001110000000000111000000
0000001110000000000111000000
0000000111000000011110000000
0000000111100001111100000000
0000000011111111111000000000
0000000001111111110000000000
0000000000011110000000000000
0000000000000000000000000000
0000000000000000000000000000
0000000000000000000000000000
0000000000000000000000000000
class 6:
0000000000000000000000000000
0000000000000000000000000000
0000000000000000000000000000
0000000000000000000000000000
0000000000000000000000000000
0000000000000000011000000000
0000000000000111111110000000
0000000000001111111111000000
0000000000011111001110000000
0000000000011100000110000000
0000000000011000001100000000
0000000000011000001000000000
0000000000011000111000000000
0000000000011111110000000000
0000000000011111100000000000
0000000000011111100000000000
0000000000011111000000000000
0000000000000000100000000000
0000000000000000110000000000
0000000000000001110000000000
0000000001000001100000000000
0000000011100111100000000000
0000000011111111000000000000
0000000001111110000000000000
0000000000000000000000000000
0000000000000000000000000000
0000000000000000000000000000
0000000000000000000000000000
class 7:
0000000000000000000000000000
0000000000000000000000000000
0000000000000000000000000000
0000000000000000000000000000
0000000000000000000000000000
0000000000000001000000000000
0000000000000001000000000000
0000000000000001000000000000
0000000000000001000000000000
0000000000000001000000000000
0000000000000001000000000000
0000000000000001000000000000
0000000000000001000000000000
0000000000000011000000000000
0000000000000011000000000000
0000000000000010000000000000
0000000000000010000000000000
0000000000000010000000000000
0000000000000010000000000000
0000000000000010000000000000
0000000000000110000000000000
0000000000000110000000000000
0000000000000010000000000000
0000000000000010000000000000
0000000000000000000000000000
0000000000000000000000000000
0000000000000000000000000000
0000000000000000000000000000
class 8:
0000000000000000000000000000
0000000000000000000000000000
0000000000000000000000000000
0000000000000000000000000000
0000000000000000000000000000
0000000000000000000000000000
0000000000000001000000000000
0000000000000011000000000000
0000000000000110000000000000
0000000000001110000000000000
0000000000011100000000000000
0000000000011000000000000000
0000000000111000000000000000
0000000000110000000000000000
0000000001110000111100000000
0000000001110001111100000000
0000000001100000011100000000
0000000001100000011100000000
0000000001110001111000000000
0000000001111111111000000000
0000000001111111100000000000
0000000000111111000000000000
0000000000000000000000000000
0000000000000000000000000000
0000000000000000000000000000
0000000000000000000000000000
0000000000000000000000000000
0000000000000000000000000000
class 9:
0000000000000000000000000000
0000000000000000000000000000
0000000000000000000000000000
0000000000000000000000000000
0000000000000000000000000000
0000000000000000000000000000
0000000000000000000000000000
0000000000000000000000000000
0000000000111000010000000000
0000000001110000011000000000
0000000011100000011000000000
0000000011000000011000000000
0000000011000000011000000000
0000000011000000111000000000
0000000011100001111000000000
0000000011111111111000000000
0000000001111111111000000000
0000000000000000111000000000
0000000000000000110000000000
0000000000000000110000000000
0000000000000000110000000000
0000000000000000110000000000
0000000000000000100000000000
0000000000000000000000000000
0000000000000000000000000000
0000000000000000000000000000
0000000000000000000000000000
0000000000000000000000000000

No. of Iteration: 9, Difference: 0.0

----------------------------------------------------

class 0:
0000000000000000000000000000
0000000000000000000000000000
0000000000000000000000000000
0000000000000000000000000000
0000000000000000000000000000
0000000000000000000000000000
0000000000000000000000000000
0000000000000011111000000000
0000000000001111111100000000
0000000000011100011100000000
0000000000111000001100000000
0000000001110000011100000000
0000000001100000111100000000
0000000001100000111000000000
0000000001000001111000000000
0000000000000011110000000000
0000000000000011110000000000
0000000000000011100000000000
0000000000000111000000000000
0000000000000111000000000000
0000000000001110000000000000
0000000000001110000000000000
0000000000011100000000000000
0000000000011000000000000000
0000000000000000000000000000
0000000000000000000000000000
0000000000000000000000000000
0000000000000000000000000000
class 1:
0000000000000000000000000000
0000000000000000000000000000
0000000000000000000000000000
0000000000000000000000000000
0000000000000000000000000000
0000000000000000000000000000
0000000000000000000000000000
0000000000000000000000000000
0000000011111111111000000000
0000000111111111111100000000
0000000011111001111100000000
0000000000000000011100000000
0000000000000000011100000000
0000000000000000011100000000
0000000000000000111000000000
0000000000000000111000000000
0000000000000001110000000000
0000000000000001110000000000
0000000000000001110000000000
0000000000000011100000000000
0000000000000011100000000000
0000000000000111000000000000
0000000000000111000000000000
0000000000000110000000000000
0000000000000110000000000000
0000000000000100000000000000
0000000000000000000000000000
0000000000000000000000000000
class 2:
0000000000000000000000000000
0000000000000000000000000000
0000000000000000000000000000
0000000000000000000000000000
0000000000000110000000000000
0000000000011111000000000000
0000000000111111000000000000
0000000000110000000000000000
0000000000000000000000000000
0000000000000000000000000000
0000000000000000000000000000
0000000000000000011000000000
0000000000000000011000000000
0000000000000000111000000000
0000000000000011110000000000
0000000000000111110000000000
0000000001111111100000000000
0000000011111111100000000000
0000000011111111111110000000
0000000011111111111110000000
0000000011111111111100000000
0000000001111110000000000000
0000000000000000000000000000
0000000000000000000000000000
0000000000000000000000000000
0000000000000000000000000000
0000000000000000000000000000
0000000000000000000000000000
class 3:
0000000000000000000000000000
0000000000000000000000000000
0000000000000000000000000000
0000000000000000000000000000
0000000000000000000000000000
0000000000011111100000000000
0000000000111111110000000000
0000000000111111110000000000
0000000000000000010000000000
0000000000000000010000000000
0000000000000000110000000000
0000000000000011100000000000
0000000000011111100000000000
0000000000011111110000000000
0000000000011111110000000000
0000000000000000011000000000
0000000000000000001100000000
0000000000000000001100000000
0000000000000000001100000000
0000000000000000001100000000
0000000000000000011100000000
0000000000010001111000000000
0000000000111111110000000000
0000000000111111100000000000
0000000000000000000000000000
0000000000000000000000000000
0000000000000000000000000000
0000000000000000000000000000
class 4:
0000000000000000000000000000
0000000000000000000000000000
0000000000000000000000000000
0000000000000000000000000000
0000000000000000000000000000
0000000000000000000000000000
0000000000000000000000000000
0000000000000001100000000000
0000000000000001100000000000
0000000000000011100000000000
0000000000000011100000000000
0000000000000011100000000000
0000000000000011000000000000
0000000000000111000000000000
0000000000000111000000000000
0000000000000111000000000000
0000000000000111000000000000
0000000000001110000000000000
0000000000001110000000000000
0000000000001110000000000000
0000000000001110000000000000
0000000000001100000000000000
0000000000000000000000000000
0000000000000000000000000000
0000000000000000000000000000
0000000000000000000000000000
0000000000000000000000000000
0000000000000000000000000000
class 5:
0000000000000000000000000000
0000000000000000000000000000
0000000000000000000000000000
0000000000000000000000000000
0000000000000000000000000000
0000000000000011110000000000
0000000000001111111100000000
0000000000011111111110000000
0000000000111111111110000000
0000000001111100000111000000
0000000011110000000011000000
0000000011100000000011100000
0000000111100000000011100000
0000000111000000000011100000
0000000111000000000011100000
0000001110000000000011100000
0000001110000000000011100000
0000001110000000000111000000
0000001110000000001111000000
0000001110000000011110000000
0000000111100001111100000000
0000000111111111111000000000
0000000011111111100000000000
0000000000111110000000000000
0000000000000000000000000000
0000000000000000000000000000
0000000000000000000000000000
0000000000000000000000000000
class 6:
0000000000000000000000000000
0000000000000000000000000000
0000000000000000000000000000
0000000000000000000000000000
0000000000000000000000000000
0000000000000000010000000000
0000000000000111111110000000
0000000000001111111111000000
0000000000011111001110000000
0000000000011100000110000000
0000000000011000001100000000
0000000000010000011000000000
0000000000011000110000000000
0000000000011111110000000000
0000000000011111100000000000
0000000000011111100000000000
0000000000011111000000000000
0000000000000000100000000000
0000000000000000100000000000
0000000000000001110000000000
0000000001000001100000000000
0000000011110111100000000000
0000000011111111000000000000
0000000001111110000000000000
0000000000000000000000000000
0000000000000000000000000000
0000000000000000000000000000
0000000000000000000000000000
class 7:
0000000000000000000000000000
0000000000000000000000000000
0000000000000000000000000000
0000000000000000000000000000
0000000000000000000000000000
0000000000000001000000000000
0000000000000001000000000000
0000000000000001000000000000
0000000000000001000000000000
0000000000000001000000000000
0000000000000001000000000000
0000000000000001000000000000
0000000000000001000000000000
0000000000000011000000000000
0000000000000011000000000000
0000000000000010000000000000
0000000000000010000000000000
0000000000000010000000000000
0000000000000010000000000000
0000000000000010000000000000
0000000000000110000000000000
0000000000000110000000000000
0000000000000010000000000000
0000000000000010000000000000
0000000000000000000000000000
0000000000000000000000000000
0000000000000000000000000000
0000000000000000000000000000
class 8:
0000000000000000000000000000
0000000000000000000000000000
0000000000000000000000000000
0000000000000000000000000000
0000000000000000000000000000
0000000000000000000000000000
0000000000000001000000000000
0000000000000011000000000000
0000000000000110000000000000
0000000000001110000000000000
0000000000011100000000000000
0000000000011000000000000000
0000000000111000000000000000
0000000000110000000000000000
0000000001110000111100000000
0000000001110001111100000000
0000000001100000011100000000
0000000001100000011100000000
0000000001110001111000000000
0000000001111111111000000000
0000000001111111100000000000
0000000000111111000000000000
0000000000000000000000000000
0000000000000000000000000000
0000000000000000000000000000
0000000000000000000000000000
0000000000000000000000000000
0000000000000000000000000000
class 9:
0000000000000000000000000000
0000000000000000000000000000
0000000000000000000000000000
0000000000000000000000000000
0000000000000000000000000000
0000000000000000000000000000
0000000000000000000000000000
0000000000000000000000000000
0000000000111000010000000000
0000000001110000011000000000
0000000011100000011000000000
0000000011000000011000000000
0000000011000000011000000000
0000000011000000111000000000
0000000011100001111000000000
0000000011111111111000000000
0000000001111111111000000000
0000000000000000111000000000
0000000000000000110000000000
0000000000000000110000000000
0000000000000000110000000000
0000000000000000110000000000
0000000000000000100000000000
0000000000000000000000000000
0000000000000000000000000000
0000000000000000000000000000
0000000000000000000000000000
0000000000000000000000000000

No. of Iteration: 10, Difference: 0.0

----------------------------------------------------
----------------------------------------------------

labeled class 0:
0000000000000000000000000000
0000000000000000000000000000
0000000000000000000000000000
0000000000000000000000000000
0000000000000000000000000000
0000000000000011110000000000
0000000000001111111100000000
0000000000011111111110000000
0000000000111111111110000000
0000000001111100000111000000
0000000011110000000011000000
0000000011100000000011100000
0000000111100000000011100000
0000000111000000000011100000
0000000111000000000011100000
0000001110000000000011100000
0000001110000000000011100000
0000001110000000000111000000
0000001110000000001111000000
0000001110000000011110000000
0000000111100001111100000000
0000000111111111111000000000
0000000011111111100000000000
0000000000111110000000000000
0000000000000000000000000000
0000000000000000000000000000
0000000000000000000000000000
0000000000000000000000000000


labeled class 1:
0000000000000000000000000000
0000000000000000000000000000
0000000000000000000000000000
0000000000000000000000000000
0000000000000000000000000000
0000000000000000000000000000
0000000000000000000000000000
0000000000000001100000000000
0000000000000001100000000000
0000000000000011100000000000
0000000000000011100000000000
0000000000000011100000000000
0000000000000011000000000000
0000000000000111000000000000
0000000000000111000000000000
0000000000000111000000000000
0000000000000111000000000000
0000000000001110000000000000
0000000000001110000000000000
0000000000001110000000000000
0000000000001110000000000000
0000000000001100000000000000
0000000000000000000000000000
0000000000000000000000000000
0000000000000000000000000000
0000000000000000000000000000
0000000000000000000000000000
0000000000000000000000000000


labeled class 2:
0000000000000000000000000000
0000000000000000000000000000
0000000000000000000000000000
0000000000000000000000000000
0000000000000110000000000000
0000000000011111000000000000
0000000000111111000000000000
0000000000110000000000000000
0000000000000000000000000000
0000000000000000000000000000
0000000000000000000000000000
0000000000000000011000000000
0000000000000000011000000000
0000000000000000111000000000
0000000000000011110000000000
0000000000000111110000000000
0000000001111111100000000000
0000000011111111100000000000
0000000011111111111110000000
0000000011111111111110000000
0000000011111111111100000000
0000000001111110000000000000
0000000000000000000000000000
0000000000000000000000000000
0000000000000000000000000000
0000000000000000000000000000
0000000000000000000000000000
0000000000000000000000000000


labeled class 3:
0000000000000000000000000000
0000000000000000000000000000
0000000000000000000000000000
0000000000000000000000000000
0000000000000000000000000000
0000000000011111100000000000
0000000000111111110000000000
0000000000111111110000000000
0000000000000000010000000000
0000000000000000010000000000
0000000000000000110000000000
0000000000000011100000000000
0000000000011111100000000000
0000000000011111110000000000
0000000000011111110000000000
0000000000000000011000000000
0000000000000000001100000000
0000000000000000001100000000
0000000000000000001100000000
0000000000000000001100000000
0000000000000000011100000000
0000000000010001111000000000
0000000000111111110000000000
0000000000111111100000000000
0000000000000000000000000000
0000000000000000000000000000
0000000000000000000000000000
0000000000000000000000000000


labeled class 4:
0000000000000000000000000000
0000000000000000000000000000
0000000000000000000000000000
0000000000000000000000000000
0000000000000000000000000000
0000000000000000000000000000
0000000000000000000000000000
0000000000000000000000000000
0000000000111000010000000000
0000000001110000011000000000
0000000011100000011000000000
0000000011000000011000000000
0000000011000000011000000000
0000000011000000111000000000
0000000011100001111000000000
0000000011111111111000000000
0000000001111111111000000000
0000000000000000111000000000
0000000000000000110000000000
0000000000000000110000000000
0000000000000000110000000000
0000000000000000110000000000
0000000000000000100000000000
0000000000000000000000000000
0000000000000000000000000000
0000000000000000000000000000
0000000000000000000000000000
0000000000000000000000000000


labeled class 5:
0000000000000000000000000000
0000000000000000000000000000
0000000000000000000000000000
0000000000000000000000000000
0000000000000000000000000000
0000000000000001000000000000
0000000000000001000000000000
0000000000000001000000000000
0000000000000001000000000000
0000000000000001000000000000
0000000000000001000000000000
0000000000000001000000000000
0000000000000001000000000000
0000000000000011000000000000
0000000000000011000000000000
0000000000000010000000000000
0000000000000010000000000000
0000000000000010000000000000
0000000000000010000000000000
0000000000000010000000000000
0000000000000110000000000000
0000000000000110000000000000
0000000000000010000000000000
0000000000000010000000000000
0000000000000000000000000000
0000000000000000000000000000
0000000000000000000000000000
0000000000000000000000000000


labeled class 6:
0000000000000000000000000000
0000000000000000000000000000
0000000000000000000000000000
0000000000000000000000000000
0000000000000000000000000000
0000000000000000000000000000
0000000000000001000000000000
0000000000000011000000000000
0000000000000110000000000000
0000000000001110000000000000
0000000000011100000000000000
0000000000011000000000000000
0000000000111000000000000000
0000000000110000000000000000
0000000001110000111100000000
0000000001110001111100000000
0000000001100000011100000000
0000000001100000011100000000
0000000001110001111000000000
0000000001111111111000000000
0000000001111111100000000000
0000000000111111000000000000
0000000000000000000000000000
0000000000000000000000000000
0000000000000000000000000000
0000000000000000000000000000
0000000000000000000000000000
0000000000000000000000000000


labeled class 7:
0000000000000000000000000000
0000000000000000000000000000
0000000000000000000000000000
0000000000000000000000000000
0000000000000000000000000000
0000000000000000000000000000
0000000000000000000000000000
0000000000000000000000000000
0000000011111111111000000000
0000000111111111111100000000
0000000011111001111100000000
0000000000000000011100000000
0000000000000000011100000000
0000000000000000011100000000
0000000000000000111000000000
0000000000000000111000000000
0000000000000001110000000000
0000000000000001110000000000
0000000000000001110000000000
0000000000000011100000000000
0000000000000011100000000000
0000000000000111000000000000
0000000000000111000000000000
0000000000000110000000000000
0000000000000110000000000000
0000000000000100000000000000
0000000000000000000000000000
0000000000000000000000000000


labeled class 8:
0000000000000000000000000000
0000000000000000000000000000
0000000000000000000000000000
0000000000000000000000000000
0000000000000000000000000000
0000000000000000010000000000
0000000000000111111110000000
0000000000001111111111000000
0000000000011111001110000000
0000000000011100000110000000
0000000000011000001100000000
0000000000010000011000000000
0000000000011000110000000000
0000000000011111110000000000
0000000000011111100000000000
0000000000011111100000000000
0000000000011111000000000000
0000000000000000100000000000
0000000000000000100000000000
0000000000000001110000000000
0000000001000001100000000000
0000000011110111100000000000
0000000011111111000000000000
0000000001111110000000000000
0000000000000000000000000000
0000000000000000000000000000
0000000000000000000000000000
0000000000000000000000000000


labeled class 9:
0000000000000000000000000000
0000000000000000000000000000
0000000000000000000000000000
0000000000000000000000000000
0000000000000000000000000000
0000000000000000000000000000
0000000000000000000000000000
0000000000000011111000000000
0000000000001111111100000000
0000000000011100011100000000
0000000000111000001100000000
0000000001110000011100000000
0000000001100000111100000000
0000000001100000111000000000
0000000001000001111000000000
0000000000000011110000000000
0000000000000011110000000000
0000000000000011100000000000
0000000000000111000000000000
0000000000000111000000000000
0000000000001110000000000000
0000000000001110000000000000
0000000000011100000000000000
0000000000011000000000000000
0000000000000000000000000000
0000000000000000000000000000
0000000000000000000000000000
0000000000000000000000000000


----------------------------------------------------

Confusion Matrix 0:
                Predict number 0 Predict not number 0
Is number 0           4464.0                1459.0
Isn't number 0       856.0                53221.0

Sensitivity (Successfully predict number 0): 0.75367
Specificity (Successfully predict not number 0): 0.98417

----------------------------------------------------

Confusion Matrix 1:
                Predict number 1 Predict not number 1
Is number 1           6229.0                513.0
Isn't number 1       1093.0                52165.0

Sensitivity (Successfully predict number 1): 0.92391
Specificity (Successfully predict not number 1): 0.97948

----------------------------------------------------

Confusion Matrix 2:
                Predict number 2 Predict not number 2
Is number 2           4011.0                1947.0
Isn't number 2       2146.0                51896.0

Sensitivity (Successfully predict number 2): 0.67321
Specificity (Successfully predict not number 2): 0.96029

----------------------------------------------------

Confusion Matrix 3:
                Predict number 3 Predict not number 3
Is number 3           4132.0                1999.0
Isn't number 3       3891.0                49978.0

Sensitivity (Successfully predict number 3): 0.67395
Specificity (Successfully predict not number 3): 0.92777

----------------------------------------------------

Confusion Matrix 4:
                Predict number 4 Predict not number 4
Is number 4           3240.0                2602.0
Isn't number 4       4594.0                49564.0

Sensitivity (Successfully predict number 4): 0.55460
Specificity (Successfully predict not number 4): 0.91517

----------------------------------------------------

Confusion Matrix 5:
                Predict number 5 Predict not number 5
Is number 5           0.0                5421.0
Isn't number 5       1.0                54578.0

Sensitivity (Successfully predict number 5): 0.00000
Specificity (Successfully predict not number 5): 0.999998

----------------------------------------------------

Confusion Matrix 6:
                Predict number 6 Predict not number 6
Is number 6           3834.0                2084.0
Isn't number 6       3873.0                50209.0

Sensitivity (Successfully predict number 6): 0.64785
Specificity (Successfully predict not number 6): 0.92839

----------------------------------------------------

Confusion Matrix 7:
                Predict number 7 Predict not number 7
Is number 7           3098.0                3167.0
Isn't number 7       304.0                53431.0

Sensitivity (Successfully predict number 7): 0.49449
Specificity (Successfully predict not number 7): 0.99434

----------------------------------------------------

Confusion Matrix 8:
                Predict number 8 Predict not number 8
Is number 8           3361.0                2490.0
Isn't number 8       3855.0                50294.0

Sensitivity (Successfully predict number 8): 0.57443
Specificity (Successfully predict not number 8): 0.92881

----------------------------------------------------

Confusion Matrix 9:
                Predict number 9 Predict not number 9
Is number 9           2462.0                3487.0
Isn't number 9       4557.0                49494.0

Sensitivity (Successfully predict number 9): 0.41385
Specificity (Successfully predict not number 9): 0.91569

----------------------------------------------------
Total iteration to coverage: 10
Total error rate: 0.08389666666666666
Total f1-score: 0.5497604112703862
hank@hank-pc:~/108-1 Machine Learning/Lab4$ 
